30 132
1 2
1 3
1 6
1 9
1 11
1 15
1 20
2 3
2 5
2 6
2 8
2 9
2 10
2 12
2 13
2 14
2 15
2 16
2 18
2 22
3 4
3 6
3 7
3 8
3 11
3 12
3 13
3 21
3 26
3 27
4 5
4 7
4 13
4 14
4 16
4 24
5 7
5 9
5 10
5 12
5 14
5 15
5 22
5 24
5 28
6 9
6 10
6 12
6 14
6 22
6 25
6 29
7 10
7 11
7 12
7 20
7 25
7 26
8 10
8 11
8 12
8 20
8 22
8 25
8 28
9 10
9 13
9 20
9 21
9 28
9 30
10 14
10 21
11 13
12 14
12 15
12 20
12 30
13 14
13 15
13 29
14 21
15 24
15 25
16 19
16 22
16 23
16 24
16 29
16 30
17 18
17 19
17 21
17 23
17 27
17 28
17 29
18 19
18 22
18 25
18 27
19 20
19 22
19 23
19 24
19 25
19 26
19 27
20 21
20 22
20 23
20 25
20 29
20 30
21 24
21 25
21 27
22 28
22 29
22 30
23 24
23 27
23 28
23 30
24 27
24 28
24 30
25 30
26 27
26 28
26 29
27 28
